20661.333333333336
37571.200000000004
129016.0
119008.0
140896.0
52476.0
18920.0
48385.333333333336
60480.0
163792.0
28214.4
182764.0
40571.0
75500.0
163328.0
83840.0
151116.0
42890.66666666667
45168.0
34516.799999999996
23756.8
79784.0
185656.0
23494.4
24147.2
39299.0
52234.66666666667
160688.0
24482.666666666664
35868.0
29101.333333333336
128000.0
29207.333333333332
53013.33333333333
35523.2
63929.33333333333
47769.33333333333
24313.600000000002
120320.0
35141.600000000006
76514.0
45966.0
24933.333333333336
58953.33333333333
57024.0
28596.0
85654.0
50368.0
52661.33333333333
128560.0
23836.0
39822.66666666667
40436.0
40040.0
49774.66666666667
64488.0
112736.0
38156.0
164768.0
35700.0
72232.0
44808.0
158292.0
54778.666666666664
26116.0
19978.666666666664
56506.666666666664
29040.0
72376.0
22994.666666666664
40858.66666666667
152216.0
26117.333333333336
51621.33333333333
26060.0
135552.0
26492.0
20224.0
55985.33333333333
83166.0
87160.0
45127.0
54942.666666666664
157008.0
32890.0
82320.0
24866.666666666664
55716.0
33715.0
48832.0
45532.0
28880.0
43376.0
123692.0
135248.0
48400.0
21082.666666666664
24877.333333333336
23590.4
33035.0
24307.2
48154.66666666667
63090.0
82472.0
155108.0
42101.33333333333
55156.0
27514.66666666666
21922.666666666664
23662.666666666664
44693.0
26102.666666666668
35580.0
74976.0
86232.0
27443.2
81200.0
21176.0
22709.333333333332
23200.0
81894.0
28156.8
30396.8
128336.0
147244.0
35436.0
196996.0
122768.0
71256.0
140784.0
27445.333333333332
56120.0
28696.666666666668
27740.8
55945.33333333333
37748.0
23962.0
145632.0
36116.0
38242.4
21269.333333333336
22675.200000000004
81624.0
57836.0
181724.0
33520.8
27210.666666666664
27626.666666666668
153428.0
135296.0
53514.66666666667
19128.0
159048.0
59840.0
24346.666666666664
41539.0
63072.0
149088.0
52782.66666666667
75704.0
46168.0
128956.0
34828.8
48848.0
40373.33333333333
49269.33333333333
91988.0
42445.33333333333
32353.6
92134.0
54112.0
36610.4
54752.00000000001
29554.0
65288.0
144464.0
29200.0
86580.0
119200.0
59146.66666666667
142880.0
25248.0
32072.0
43912.0
59744.0
74688.0
38416.0
32413.0
21738.666666666668
39950.0
57950.666666666664
45677.0
130320.0
63505.33333333333
71914.0
22317.333333333336
31623.2
35604.0
34236.0
51109.33333333333
121648.0
52360.0
38300.0
51210.66666666667
27220.666666666664
177264.0
28198.4
35624.0
28524.799999999996
31027.200000000004
124880.0
67536.0
36506.4
28950.4
59992.0
47166.0
32028.0
28492.8
28547.2
27703.333333333332
21370.666666666664
34076.8
39392.0
22906.666666666664
57136.0
67696.0
73042.0
42393.0
29669.333333333332
71654.0
27990.4
22630.4
38994.4
43413.33333333333
42288.0
43306.66666666667
40972.0
32505.600000000002
34874.4
20200.666666666668
141860.0
142264.0
75528.0
24659.2
52088.0
44982.0
168768.0
21936.666666666668
108448.0
29728.0
58837.33333333333
73272.0
54614.66666666667
60458.66666666667
58048.0
22749.333333333336
32167.333333333336
133712.0
28784.0
56892.00000000001
47152.0
30248.666666666664
44635.0
37478.4
151524.0
39124.0
38574.0
71074.0
50930.66666666667
78798.0
40570.0
22418.666666666664
30816.0
29732.0
29920.666666666668
66888.0
31704.0
19709.333333333336
95548.0
168820.0
25330.666666666664
39168.0
24925.333333333332
190864.0
40528.0
40144.0
26056.0
37418.0
19840.0
45696.0
32889.6
70392.0
50357.33333333333
98064.0
35726.0
79408.0
27440.0
37514.66666666667
127664.0
76792.0
81604.0
34377.6
36884.0
25442.666666666664
80344.0
48018.66666666667
31596.0
50738.66666666667
45082.66666666667
22322.666666666664
29517.6
62584.0
47224.0
38896.0
48193.0
142496.0
55000.0
41184.0
27913.6
58588.0
36096.0
59397.33333333333
24594.666666666664
168188.0
31680.799999999996
28483.333333333332
33451.2
39543.0
22643.199999999997
25606.399999999998
42484.0
24364.800000000003
70408.0
121904.0
59112.0
21064.0
39386.0
165952.0
64662.66666666667
134768.0
28917.333333333332
134080.0
79030.0
21546.666666666664
36620.0
50102.66666666667
48730.66666666667
34858.66666666667
31932.0
74142.0
25928.666666666668
34396.0
28812.0
38127.0
138672.0
23714.666666666664
28638.4
141408.0
76024.0
149208.0
28272.0
30056.0
66496.0
39429.0
90340.0
39112.0
22892.8
30211.199999999997
67980.0
72146.0
30883.199999999997
33588.0
34817.6
111008.0
21512.0
32456.666666666668
20888.0
24214.399999999998
63680.0
31556.0
48136.0
159040.0
36622.0
27597.333333333336
27046.666666666664
28652.800000000003
75038.0
47470.0
29940.0
81152.0
22246.399999999998
71770.0
34604.0
145792.0
34168.0
37224.0
81028.0
116000.0
31183.2
75272.0
43217.0
33596.0
29887.2
32409.600000000002
118336.0
39921.0
46464.0
49866.66666666667
87360.0
22341.333333333336
29116.799999999996
67432.0
70128.0
72488.0
29843.999999999996
32757.6
35148.0
35291.0
47942.666666666664
29100.800000000003
34979.200000000004
35928.0
27616.0
35428.0
55242.66666666667
75200.0
24477.333333333336
69296.0
25305.600000000002
188028.0
40069.33333333333
129120.0
38304.0
178544.0
35168.0
149612.0
20912.0
160892.0
58492.0
29740.800000000003
40874.66666666667
19040.0
45474.0
25360.0
79610.0
24252.800000000003
173164.0
32527.199999999997
41612.0
44856.0
72868.0
48554.66666666667
27328.0
44519.0
36772.799999999996
20396.800000000003
19240.0
84760.0
42234.0
28648.0
149496.0
27296.0
42161.0
38096.0
48815.0
44578.0
59282.666666666664
65744.0
53477.333333333336
60592.0
29264.0
63197.33333333333
23785.600000000002
32606.399999999998
74806.0
76918.0
25898.666666666664
41168.0
181260.0
65976.0
145156.0
39306.66666666667
39628.0
67080.0
42669.0
26764.8
37027.2
185192.0
116912.0
83282.0
68336.0
21320.0
120896.0
167896.0
66456.0
36876.0
25791.2
41410.0
47904.0
19408.0
25214.666666666664
84216.0
62164.0
121232.0
32138.0
76628.0
29718.666666666664
29008.8
21482.666666666664
135204.0
141600.0
42004.0
31045.6
34481.0
65346.0
54558.66666666667
175072.0
149536.0
30130.4
169344.0
144524.0
78858.0
54101.33333333333
126080.0
63842.0
39269.33333333333
84932.0
46486.0
58085.33333333333
47877.33333333333
27616.0
57449.33333333333
32745.6
22660.0
86928.0
124444.0
19528.0
39957.33333333333
39760.0
70560.0
57470.66666666667
30866.0
70120.0
44592.0
52648.0
143652.0
30200.800000000003
42672.0
21866.666666666664
86234.0
74546.0
37824.0
27356.0
53920.0
57680.0
49544.0
33731.200000000004
26136.0
34648.0
34524.0
31668.0
27862.399999999998
185368.0
170560.0
25350.4
162456.0
71364.0
148864.0
27259.333333333336
51712.0
35644.0
57528.0
25016.0
68568.0
146528.0
25366.399999999998
164776.0
33579.200000000004
27353.6
51106.66666666667
169296.0
176804.0
19890.666666666664
42202.66666666667
147232.0
76440.0
82764.0
29523.200000000004
27140.0
162528.0
41864.0
125024.0
143040.0
31244.800000000003
20998.4
129696.0
24038.666666666664
35869.600000000006
45199.0
76552.0
74198.0
29112.0
36592.0
68776.0
60744.0
83252.0
30384.000000000004
133856.0
137424.0
63416.0
142960.0
38469.33333333333
161304.0
27221.333333333336
28592.0
112512.0
90860.0
50874.66666666667
40137.0
38228.0
23244.800000000003
87504.0
22248.0
34459.200000000004
82920.0
58317.33333333333
19165.333333333336
115136.0
31033.600000000002
28704.0
41285.33333333333
46592.0
23489.333333333336
33648.799999999996
182880.0
94274.0
39588.0
29251.200000000004
55088.0
90542.0
29763.199999999997
26130.666666666664
19802.666666666664
54168.0
26705.6
29303.333333333336
33000.0
75896.0
174256.0
35304.0
47181.0
54904.0
35060.8
80456.0
39676.0
136940.0
41510.0
37941.6
50192.0
88576.0
31646.4
124560.0
24557.333333333336
162404.0
30287.333333333336
23858.666666666664
108112.0
140816.0
74072.0
63370.66666666667
27568.666666666668
151296.0
91728.0
78712.0
63640.0
77354.0
150772.0
65200.0
61750.66666666667
176924.0
44013.0
82876.0
30008.0
59616.0
26797.333333333336
72928.0
45850.66666666667
54172.0
37344.0
34330.4
27232.0
68208.0
75010.0
177324.0
45030.66666666667
39740.0
55868.0
36680.0
33088.0
30894.666666666664
123104.0
55696.0
21418.666666666668
190344.0
32318.399999999998
30501.6
33487.2
29139.333333333336
53904.0
140528.0
37867.0
25885.333333333332
32908.0
31839.333333333332
34667.2
37288.0
114992.0
26051.2
34328.0
36160.0
41221.333333333336
22021.333333333336
76224.0
18826.666666666664
20866.0
58000.0
30448.0
43694.0
26124.8
39252.0
22837.333333333336
58741.333333333336
28326.4
25778.666666666668
58394.66666666667
41976.0
61634.66666666667
24128.0
76196.0
66352.0
25574.400000000005
155980.0
47296.0
32305.600000000002
143776.0
51317.33333333333
63456.0
30807.333333333336
33023.2
148208.0
145664.0
34124.0
36811.0
21238.4
65462.0
25372.8
44986.66666666667
48352.0
129824.0
23594.666666666664
164948.0
68414.0
25320.666666666668
31137.6
76052.0
39796.0
46842.666666666664
56370.66666666667
85888.0
24694.0
41554.0
61866.66666666667
25517.333333333336
137280.0
29148.666666666664
133644.0
167456.0
42576.0
37707.0
35072.0
37686.4
44266.66666666667
36512.0
24240.8
27963.333333333332
32896.0
23850.666666666664
51260.0
42047.0
31208.0
151856.0
81080.0
41512.0
167204.0
27110.399999999998
42784.0
25848.0
32849.6
29836.0
65824.0
27724.8
34660.0
74748.0
42726.0
176692.0
41077.0
32550.399999999998
44821.33333333333
60486.0
185308.0
52874.66666666667
23125.333333333336
80764.0
165348.0
21945.600000000002
31948.0
32900.0
61074.666666666664
57893.33333333333
30598.4
36231.0
28446.000000000004
181604.0
27411.2
17642.666666666664
49744.0
28811.333333333336
33532.0
48289.33333333333
32688.0
60342.66666666667
36419.0
28725.333333333336
32476.8
35233.0
46074.66666666667
122880.0
166104.0
38276.0
63447.99999999999
127552.0
32844.0
79984.0
37272.0
153248.0
62194.666666666664
33276.0
30848.0
26844.666666666664
37475.0
83340.0
27760.666666666664
31972.0
26205.333333333336
75386.0
57496.0
76512.0
31652.0
58086.66666666667
23817.6
42296.0
26936.799999999996
50997.33333333333
49697.33333333333
25996.8
33619.200000000004
43435.0
20285.333333333336
163732.0
22833.333333333336
153608.0
53302.66666666667
32384.0
29942.4
123936.0
119504.0
60032.0
23229.333333333336
27593.6
37042.0
39130.66666666667
45923.0
77040.0
31936.0
153584.0
30455.200000000004
27958.399999999998
45106.666666666664
17856.0
27587.333333333332
41843.0
121424.0
43116.0
23757.333333333336
28342.4
80446.0
179584.0
40484.0
33078.0
92366.0
58096.0
46309.33333333333
30544.0
24365.333333333336
25466.0
50200.0
24858.0
27027.2
39318.399999999994
36651.0
150308.0
22230.4
64652.0
54192.0
57508.0
143584.0
107360.0
53824.0
29952.0
89964.0
146256.0
52298.66666666667
34948.0
85800.0
136640.0
49060.0
20424.0
56104.0
39572.0
26010.66666666666
26150.0
71816.0
33324.0
23855.333333333332
123904.0
80854.0
144880.0
35650.4
74744.0
149440.0
83572.0
150816.0
65376.0
46288.0
34840.8
57344.0
25432.799999999996
17768.0
38792.0
30950.4
33430.4
145504.0
80928.0
46356.0
156064.0
42352.0
177728.0
65648.0
25728.0
160912.0
37577.0
78826.0
175008.0
37809.0
25823.333333333332
36517.6
29990.399999999998
22052.0
161328.0
27539.199999999997
163040.0
29783.2
38380.0
42561.33333333333
28484.666666666664
65600.0
71608.0
50661.33333333333
60554.666666666664
