3064.0
5078.666666666666
9142.0
12952.0
19184.0
19160.0
18024.0
13660.0
18800.0
4477.0
3496.5
9278.0
19816.0
3942.0
8910.0
7290.0
14034.0
16320.0
6342.0
9398.0
4103.0
4352.0
3336.0
3046.0
4172.0
3859.0
17104.0
5549.333333333334
4608.0
3380.0
12784.0
13420.0
5797.333333333334
18996.0
3612.0
3504.0
4473.0
3812.0
17784.0
5054.666666666667
6822.0
5582.666666666666
9490.0
6821.333333333334
7956.0
3917.0
7314.0
4053.0
6540.0
3406.0
7700.0
4431.0
3930.0
9794.0
5609.333333333334
4395.0
3688.0
18936.0
4428.0
3798.0
3664.0
7456.0
16236.0
7470.0
6162.666666666666
4571.0
8468.0
4974.666666666666
6493.333333333334
7898.0
3922.0
6148.0
5052.0
4298.0
14044.0
3280.5
7443.0
5605.333333333334
4598.666666666667
4602.666666666667
8688.0
5738.0
16304.0
3773.0
6832.0
3646.0
5821.333333333334
3796.0
16600.0
4849.333333333333
7288.0
7600.0
8594.0
4028.0
3729.0
4720.0
6398.666666666666
9440.0
4617.0
16980.0